Text Length     Pattern Length  Naive Search Time (ms)   Rabin-Karp Time (ms)
1000000         5               0.0                       0.20673274993896484      
5000000         5               0.4981040954589844        0.0
1000000         10              69.77112293243408         48.256611824035645       
5000000         10              199.0140676498413         51.5042781829834
1000000         20              234.92329120635986        36.18636131286621        
5000000         20              949.9693632125854         246.72837257385254       
1000000         50              219.71125602722168        38.02487850189209        
5000000         50              1121.1829900741577        224.12827014923096       
1000000         100             130.06658554077148        46.24142646789551        
5000000         100             1164.3502712249756        290.78049659729004       
1000000         250             273.8816261291504         37.18128204345703        
5000000         250             1389.8430347442627        130.9541940689087        
1000000         500             202.11443901062012        139.84980583190918       
5000000         500             1063.6194705963135        355.2915573120117        
1000000         1000            222.78985977172852        258.55042934417725       
5000000         1000            898.6821889877319         396.80497646331787 



Text Length     Pattern Length  Rabin-Karp Time (ms)      Naive Search Time (ms)
1000000         10              71.05302810668945         34.908199310302734       
2500000         10              139.48626518249512        65.87064266204834        
5000000         10              106.30612373352051        57.56981372833252        
1000000         20              208.89708995819092        51.068854331970215       
2500000         20              519.6056127548218         131.03938102722168       
5000000         20              801.1648416519165         210.74838638305664       
1000000         50              184.79490280151367        45.01020908355713        
2500000         50              357.8047513961792         64.38195705413818        
5000000         50              925.163197517395          208.75282287597656       
1000000         100             193.4767484664917         44.49634552001953        
2500000         100             266.8581485748291         68.60189437866211        
5000000         100             997.431468963623          189.64464664459229       
1000000         250             162.94381618499756        26.816797256469727       
2500000         250             543.7373876571655         109.12630558013916       
5000000         250             944.2512273788452         152.394700050354
1000000         500             242.08426475524902        196.6578483581543        
2500000         500             433.5677146911621         286.15753650665283       
5000000         500             844.176983833313          481.4058303833008        
1000000         1000            243.71204376220703        247.30727672576904       
2500000         1000            516.1868095397949         195.32945156097412       
5000000         1000            1317.4334049224854        417.6394462585449        
1000000         10000           237.63983249664307        158.26287269592285       
2500000         10000           484.772253036499          329.1821479797363        
5000000         10000           893.8636302947998         739.9677038192749       


Text Length     Pattern Length  Rabin-Karp Time (ms)      Naive Search Time (ms)   
1000000         100             84.20543670654297         35.306644439697266       
2500000         100             316.1048650741577         137.3422145843506        
5000000         100             492.0815706253052         264.2157554626465        
1000000         250             137.4274492263794         43.277549743652344       
2500000         250             317.5539970397949         126.74334049224854       
5000000         250             662.3269081115723         130.5255889892578        
1000000         500             104.66139316558838        256.60245418548584       
2500000         500             286.7787837982178         296.84250354766846       
5000000         500             480.97262382507324        465.7416343688965        
1000000         1000            129.37419414520264        128.11214923858643       
2500000         1000            314.5362854003906         277.9710054397583        
5000000         1000            346.636962890625          407.2415351867676        
1000000         10000           132.9634666442871         160.56292057037354       
2500000         10000           280.0917625427246         188.1117820739746


Text Length     Pattern Length  Rabin-Karp Time (ms)      Naive Search Time (ms)   
1000            5               0.0                       0.0
5000            5               0.0                       0.0
100000          5               1.6529560089111328        0.1008749008178711       
500000          5               5.502486228942871         0.09987354278564453      
1000000         5               10.602068901062012        0.0
2500000         5               15.24038314819336         0.0
5000000         5               30.919456481933594        0.09891986846923828      
1000            10              0.0                       0.0
5000            10              0.0                       0.10073184967041016      
100000          10              0.10008811950683594       4.9160003662109375       
500000          10              2.9152631759643555        13.056468963623047       
1000000         10              9.270906448364258         20.46372890472412        
2500000         10              13.046002388000488        58.245062828063965       
5000000         10              33.42750072479248         70.19577026367188        
1000            25              0.0                       0.0
5000            25              0.0                       0.20000934600830078      
100000          25              0.0997304916381836        3.134632110595703        
500000          25              3.7927865982055664        20.89672088623047        
1000000         25              4.835748672485352         44.617533683776855       
2500000         25              17.068076133728027        128.40898036956787       
5000000         25              32.001471519470215        196.3719129562378        
1000            50              0.0                       0.0
5000            50              0.0                       0.20968914031982422      
100000          50              0.24356842041015625       2.0739316940307617       
500000          50              3.1636953353881836        10.35149097442627        
1000000         50              7.874512672424316         35.48097610473633        
2500000         50              12.001204490661621        115.11061191558838       
5000000         50              33.92672538757324         182.0016384124756        
1000            100             0.0                       0.0
5000            100             0.0                       0.3988981246948242       
100000          100             1.4006376266479492        3.8178205490112305       
500000          100             5.509209632873535         16.53294563293457        
1000000         100             11.327672004699707        39.67792987823486        
2500000         100             14.916586875915527        69.29442882537842        
5000000         100             32.10804462432861         231.66987895965576       
1000            250             0.0                       0.0
5000            250             0.09987354278564453       0.0
100000          250             0.10876655578613281       3.7023544311523438       
500000          250             1.5710115432739258        11.073589324951172       
1000000         250             7.2727203369140625        43.161725997924805       
2500000         250             16.431117057800293        99.66685771942139        
5000000         250             34.50279235839844         239.8827314376831        
1000            500             0.0                       0.0
5000            500             0.0                       0.5564212799072266       
100000          500             0.1047372817993164        10.588288307189941       
500000          500             5.566668510437012         64.1963005065918
1000000         500             7.715845108032227         117.8673505783081        
2500000         500             16.504216194152832        218.6157464981079        
5000000         500             33.15885066986084         424.79939460754395       
1000            1000            2.0983457565307617        0.0
5000            1000            0.09968280792236328       0.3014087677001953       
100000          1000            1.341700553894043         9.980440139770508        
500000          1000            2.3226499557495117        44.39864158630371        
1000000         1000            9.78689193725586          65.62519073486328        
2500000         1000            17.36428737640381         251.2221097946167        
5000000         1000            34.59734916687012         407.3773145675659  

Text Length     Pattern Length  Rabin-Karp Time (ms)      Naive Search Time (ms)   
1000            5               0.19936561584472656       0.2073526382446289       
5000            5               0.09996891021728516       0.09908676147460938      
100000          5               0.7015705108642578        0.20020008087158203      
500000          5               3.301858901977539         0.09996891021728516      
1000000         5               7.425117492675781         0.1001119613647461       
2500000         5               16.022086143493652        0.3005027770996094       
5000000         5               34.81109142303467         0.10058879852294922      
1000            10              0.0                       0.0
5000            10              0.0                       0.10538101196289062      
100000          10              0.49648284912109375       2.2850513458251953       
500000          10              3.910946846008301         15.64326286315918        
1000000         10              7.041501998901367         21.724295616149902       
2500000         10              15.896463394165039        45.61512470245361        
5000000         10              33.36822986602783         88.3784294128418
1000            25              0.0                       0.0
5000            25              0.0                       0.3949165344238281       
100000          25              0.49026012420654297       3.3512353897094727       
500000          25              3.8667917251586914        26.536941528320312       
1000000         25              7.4985504150390625        41.04490280151367        
2500000         25              16.033101081848145        111.65509223937988       
5000000         25              34.78059768676758         204.5018434524536        
1000            50              0.0                       0.09999275207519531      
5000            50              0.0                       0.0
100000          50              0.49800872802734375       4.706454277038574        
500000          50              3.9052724838256836        24.7206449508667
1000000         50              7.298922538757324         40.77303409576416        
2500000         50              16.24767780303955         112.41071224212646       
5000000         50              33.38634967803955         154.97732162475586       
1000            100             0.0                       0.10051727294921875
5000            100             0.0                       0.3980398178100586       
100000          100             0.6014347076416016        2.872633934020996        
500000          100             3.3994674682617188        22.29793071746826        
1000000         100             7.398557662963867         35.74626445770264        
2500000         100             16.634202003479004        97.5275993347168
5000000         100             33.90369415283203         222.15192317962646       
1000            250             0.0                       0.10833740234375
5000            250             0.0                       0.1999378204345703       
100000          250             0.40373802185058594       4.053473472595215        
500000          250             3.600478172302246         17.424345016479492       
1000000         250             7.514643669128418         45.540666580200195       
2500000         250             16.6170597076416          118.25888156890869       
5000000         250             33.69297981262207         235.32273769378662       
1000            500             0.0                       0.09937286376953125      
5000            500             0.0                       0.3818988800048828       
100000          500             0.603175163269043         6.798887252807617        
500000          500             3.480696678161621         43.439555168151855       
1000000         500             7.277393341064453         67.38593578338623        
2500000         500             16.066908836364746        207.79433250427246       
5000000         500             33.7543249130249          315.38872718811035       
1000            1000            2.2970199584960938        0.0
5000            1000            0.0                       0.49762725830078125      
100000          1000            0.5995035171508789        7.34400749206543
500000          1000            3.7073373794555664        52.19128131866455        
1000000         1000            7.400822639465332         130.34169673919678       
2500000         1000            16.047978401184082        198.6363410949707        
5000000         1000            33.39684009552002         539.7006034851074   

Kada 1000 puta
Text Length     Pattern Length  Rabin-Karp Time (ms)      Naive Search Time (ms)   
1000            5               0.0                       0.0306193828582763675000
5000            5               0.025917768478393555      0.07520198822021484100000  
100000          5               0.6519463062286377        0.07499456405639648       
500000          5               4.428615570068359         0.09029912948608398
1000000         5               9.031389474868774         0.09527945518493652
2500000         5               20.386231899261475        0.1521918773651123
1000            10              0.015018224716186523      0.11884069442749023
5000            10              0.03571295738220215       0.22313761711120605
100000          10              0.7362523078918457        4.31914210319519
500000          10              4.630545139312744         20.01859974861145
1000000         10              10.335901021957397        34.29586386680603        
2500000         10              19.970502614974976        54.03413939476013        
1000            25              0.002992391586303711      0.02708125114440918      
5000            25              0.01731133460998535       0.16130518913269043      
100000          25              0.657996416091919         3.9939064979553223       
500000          25              4.241345643997192         19.594831466674805       
1000000         25              8.766033172607422         40.11118793487549  
1000            50              0.0019028186798095703     0.032912492752075195     
5000            50              0.02191758155822754       0.1888260841369629       
100000          50              0.6822161674499512        3.949831008911133        
500000          50              4.188653230667114         18.901549100875854       
1000000         50              8.897652387619019         64.06584930419922        
2500000         50              32.82390522956848         145.02112793922424       
1000            100             0.0069429874420166016     0.03898024559020996      
5000            100             0.04350876808166504       0.2811610698699951       
100000          100             0.9313819408416748        5.676714897155762
500000          100             5.998861789703369         27.40898895263672        
1000000         100             8.625906229019165         39.27177381515503        
2500000         100             19.671029567718506        102.26274061203003       
1000            250             0.001794576644897461      0.03440999984741211      
5000            250             0.028687477111816406      0.22872161865234375      
100000          250             0.6991372108459473        4.282202243804932        
500000          250             4.428828001022339         20.962100982666016       
1000000         250             9.063412189483643         42.05052995681763 
2500000         250             28.383312940597534        95.96701860427856        
1000            500             0.0009963512420654297     0.05314064025878906      
5000            500             0.023023605346679688      0.37652039527893066      
100000          500             0.6285240650177002        8.473663091659546        
500000          500             4.233642578125            47.7301709651947
1000000         500             8.689618587493896         86.60439944267273 
2500000         500             21.973209381103516        228.23783206939697       
1000            1000            2.3204755783081055        0.0009980201721191406    
5000            1000            0.031098604202270508      0.42168378829956055      
100000          1000            0.6751086711883545        10.627511739730835       
500000          1000            4.146228075027466         78.44162201881409        
1000000         1000            8.83913540840149          170.89659714698792       
2500000         1000            26.792144298553467        432.33301305770874   

Reserva:
1000            100             0.0069429874420166016     0.03898024559020996
5000            100             0.04350876808166504       0.2811610698699951
100000          100             0.9313819408416748        5.676714897155762
500000          100             5.998861789703369         27.40898895263672
1000000         100             8.625906229019165         39.27177381515503
2500000         100             19.671029567718506        102.26274061203003
1000            250             0.001794576644897461      0.03440999984741211
5000            250             0.028687477111816406      0.22872161865234375
100000          250             0.6991372108459473        4.282202243804932
500000          250             4.428828001022339         20.962100982666016
1000000         250             9.063412189483643         42.05052995681763
2500000         250             28.383312940597534        95.96701860427856        
1000            500             0.0009963512420654297     0.05314064025878906      
5000            500             0.023023605346679688      0.37652039527893066      
100000          500             0.6285240650177002        8.473663091659546        
500000          500             4.233642578125            47.7301709651947
1000000         500             8.689618587493896         86.60439944267273        
2500000         500             21.973209381103516        228.23783206939697       
1000            1000            2.3204755783081055        0.0009980201721191406    
5000            1000            0.031098604202270508      0.42168378829956055      
100000          1000            0.6751086711883545        10.627511739730835       
500000          1000            4.146228075027466         78.44162201881409        
1000000         1000            8.83913540840149          170.89659714698792       
2500000         1000            26.792144298553467        432.33301305770874  